0000000000000000000000000000000000
0000000000000000000000000000000000
0101000010001001001010011000100100
0101000011011010101110111010101011
0101000011101101011100011010011001
0101000011110111111001101110011100
0101000011111011111110111101111101
0101000011100100110011001010100100
0101000010100001110100011111010101
0101000000011000100011010010011010
0000000000000000000000000000000000
0000000000000000000000000000000000
0000000000000000000000000000000000
0101000010000010010100101011111100
0101000011100100011000110011101011
0101000100000000001110000111010010
0101000100000101100100100101111011
0101000100001010001111000011111110
0101000100001100010110010100101011
0101000100001100001110101111000110
0101000100000100110010111001011111
0101000011001011110101100000000001
0101000001011111001100001000100011
0000000000000000000000000000000000
0000000000000000000000000000000000
0101000011010011001111111100000010
0101000011100110100000000000011000
0101000011110100010101011011111111
0101000011110101110000101000011001
0101000011010100001001111111101101
0101000011101111100100110011110010
0101000100000111100100011110100010
0101000100001001110101001001000010
0101000011111111100011110100101001
0101000011001010110010011101010100
0000000000000000000000000000000000
0101000001101000001000000001011001
0101000011010000100000111101000000
0101000011011011001111100111100010
0101000010110110100111110100000111
0000000000000000000000000000000000
0000000000000000000000000000000000
0000000000000000000000000000000000
0101000001010111111111011101011101
0101000011111101011000011111011100
0101000011111111101110010010101000
0101000011101001110000101001100111
0101000010000101101110111111110100
0101000010001101000111011001001110
0101000011000001001101000100101111
0101000011001000001000110010100111
0101000010101110110110101011110110
0101000001010000111101001010010100
0000000000000000000000000000000000
0101000000111100111111110101000000
0000000000000000000000000000000000
0101000010110010100011110000111000
0101000011101111011110111111000011
0101000011101101100011000001111000
0101000010110111011110011011101110
0101000010111111010010110011100101
0101000011000111100111011100101110
0101000011001100110100010100001111
0101000011011000110010001100011100
0101000011001100110111001111111110
0101000000111111110001010001010101
0000000000000000000000000000000000
0000000000000000000000000000000000
0000000000000000000000000000000000
0101000011100010100111100110111100
0101000011100111001000001101000010
0101000011001110101001011111100000
0101000010100010101011000011111111
0101000011000101101010000100010101
0101000011100011001011111100001110
0101000011101000010111011010011111
0101000011010100010010000110011111
0100111111100111110001110000100011
0000000000000000000000000000000000
0101000010011001011000110111000110
0101000010010110011111000110101100
0101000011000111000011100011100011
0101000011100010010111011101010110
0101000011001111100011100111001111
0000000000000000000000000000000000
0000000000000000000000000000000000
0101000011100100101011110011010010
0101000100000100000011111000001110
0101000100000010001100110000001110
0101000011001011010011101101001011
0101000011000000110111001101100101
0101000011100101011111101000110011
0101000011100010101110100011011001
0101000010100011110001111000100010
0101000011000110101110100111000011
0101000011000010001011110000110010
0000000000000000000000000000000000
0000000000000000000000000000000000
0000000000000000000000000000000000
0101000100000010111100001100001101
0101000100001011000010110010010011
0101000100001100011101110101110110
0101000100001001010001101100111000
0101000100000011100011010100101011
0101000011110001110101100110010000
0101000010110000000100000101101011
0101000010100011110101101111101010
0101000010000000011110010100000110
0000000000000000000000000000000000
0000000000000000000000000000000000
0000000000000000000000000000000000
0101000010100101101101011111101010
0101000100000010000010000010000110
0101000100001011100001001010110100
0101000100001011001100100110010000
0101000100000001111100101100101000
0101000010110001011010001000101000
0000000000000000000000000000000000
0101000010010000100111010000010100
0101000000011001111000001011011111
0000000000000000000000000000000000
0000000000000000000000000000000000
0000000000000000000000000000000000
0000000000000000000000000000000000
0000000000000000000000000000000000
0000000000000000000000000000000000
0000000000000000000000000000000000
0000000000000000000000000000000000
0000000000000000000000000000000000
0101000001001101101100011111100011
0101000001010100100001101010100011
0000000000000000000000000000000000
0000000000000000000000000000000000
0000000000000000000000000000000000
0000000000000000000000000000000000
0000000000000000000000000000000000
0000000000000000000000000000000000
0000000000000000000000000000000000
0000000000000000000000000000000000
0101000000000100100101001000000110
0101000001001000111111101110011010
0101000001100110101000010110101111
0000000000000000000000000000000000
0000000000000000000000000000000000
0000000000000000000000000000000000
0000000000000000000000000000000000
0101000001101001000011101000011100
0101000011001101110000111010110100
0101000011101000011101110000001000
0101000011101101001110100111001000
0101000011101011111010011111111000
0101000011100000101101110001001111
0101000010011111100010000011111010
0100111100110100100000011101011111
0000000000000000000000000000000000
0000000000000000000000000000000000
0000000000000000000000000000000000
0101000001001011111010111110100010
0101000010111010101101000101101111
0101000011100010011000001101000001
0101000011011101100001000111110010
0101000011000101111010000101100110
0101000011100101011000000011100000
0101000011101110000001001111010100
0101000011101101111011000100111111
0101000011000101100100110010100100
0100111111101011101111100010011100
0000000000000000000000000000000000
0000000000000000000000000000000000
0101000010011111110011110000000101
0101000001101111010011100001100111
0000000000000000000000000000000000
0000000000000000000000000000000000
0000000000000000000000000000000000
0000000000000000000000000000000000
0000000000000000000000000000000000
0101000011101001011111000111001000
0101000011100100101101001010101000
0101000010110100011110111111011000
0000000000000000000000000000000000
0101000001000000100101011110100111
0000000000000000000000000000000000
0000000000000000000000000000000000
0000000000000000000000000000000000
0000000000000000000000000000000000
0101000010111101011000100100001110
0101000011000001101100010010011100
0000000000000000000000000000000000
0000000000000000000000000000000000
0101000011010001010110010111011111
0101000011001111010101100100011100
0101000000110011001100000101001111
0101000001000010011110111001011010
0000000000000000000000000000000000
0101000010100110011101000111100111
0101000011010100000010101111101110
0101000011001111100000111000111101
0101000010101101011001000110010100
0101000011010100001001011101011111
0101000010111011101010111000101000
0000000000000000000000000000000000
0101000010000010100101110110000001
0101000010111001110000001001000010
0101000010001001111011111110101111
0101000001011110101011000000100010
0101000010101101000011100111101011
0101000010101100001101000110111110
0101000010101011111101011110101000
0101000010001011010100111000010001
0000000000000000000000000000000000
0101000010100010100101101000101000
0101000011001100011001011011101000
0000000000000000000000000000000000
0000000000000000000000000000000000
0101000010110110011101110010110000
0101000010010000010000101000000000
0000000000000000000000000000000000
0000000000000000000000000000000000
0101000001101010110011001011001011
0101000010110101101001101111000001
0101000010110100111111000010100110
0000000000000000000000000000000000
0000000000000000000000000000000000
0101000010110000111000111101001011
0101000010111011100001110100001100
0000000000000000000000000000000000
0101000010010101010010010000000010
0101000010010100011101101000110101
0101000010101001010101000110110110
0000000000000000000000000000000000
0000000000000000000000000000000000
0101000011010111101000010101101000
0101000011100110010100001100110110
0101000011000001111011000011010011
0101000010100111111110110100101110
0101000011000010101010011101101111
0101000011001101111011010101010000
0101000010001010111110010101111011
0000000000000000000000000000000000
0101000001100110010001111000001000
0101000010100101010010000000100000
0101000011000000001111100001100100
0000000000000000000000000000000000
0000000000000000000000000000000000
0101000011101110000010010111101000
0101000011110001011010100001000011
0101000011101001010111011111011001
0101000011011000111110110111010010
0101000010010000101001100110011110
0101000010011110010111111110010001
0100111111101010001111000010011100
0000000000000000000000000000000000
0101000001000000010100100001101101
0101000011000110001010101011000101
0101000011000011001101011010110110
0000000000000000000000000000000000
0000000000000000000000000000000000
0000000000000000000000000000000000
0000000000000000000000000000000000
0000000000000000000000000000000000
0000000000000000000000000000000000
0000000000000000000000000000000000
0000000000000000000000000000000000
0000000000000000000000000000000000
0000000000000000000000000000000000
0101000010001110011101111100011010
0101000011001010000010101101001111
0101000011000100110010010000001110
0000000000000000000000000000000000
0000000000000000000000000000000000
0000000000000000000000000000000000
0101000001110001010010111001100001
0101000010001111100100011100110110
0101000001101011111001001010111010
0000000000000000000000000000000000
0000000000000000000000000000000000
0000000000000000000000000000000000
0000000000000000000000000000000000
0101000010110011111101110100101000
0101000011100001110000001111111000
0101000011100101010101001010011000
0101000011100111101101100010000001
0101000011010111001011100001010010
0101000011001111101011000100000010
0101000010011010001110100110001101
0000000000000000000000000000000000
0000000000000000000000000000000000
0000000000000000000000000000000000
0100111011001110110001011100111001
0100111011001110110001011100111001
0101000010000010011111001100000110
0101000011001111011001000111010101
0101000011100111011000110101111001
0101000011101100011011000100001011
0101000011101001111000101111100011
0101000011000100010100111110000100
0101000000001110001001000101011001
0100111011001110110001011100111001
0100111011001110110001011100111001
0100111011001110110001011100111001
0100111011001110110001011100111001
0101000001111100111111000110111111
0101000011101100010101100100011011
0101000100000011111111010100010110
0101000100010001110111111011011111
0101000100011110011111000000001011
0101000100100010111011010010001001
0101000100100000111000100111101011
0101000100000011111001101011001111
0101000010101001111111001001010101
0100111011001110110001011100111001
0100111011001110110001011100111001
0100111011001110110001011100111001
0101000011011011101011101110001100
0101000011110101000101010110100100
0101000100001101010011110010011101
0101000100100001101010101110100011
0101000100100100000010000101010101
0101000100101010011100011010100100
0101000100101101110001100001000000
0101000100101101100111000001111110
0101000100001111010000010000011001
0101000010111011011111011011101000
0100111011001110110001011100111001
0101000001100010000101010100100010
0101000011100111000101011010101001
0101000011110100111010000011000110
0101000100010010111100000011001011
0101000100011101100010010001010001
0101000100010100010100110010001011
0101000100001100001010111010000011
0101000100100101110101001110100001
0101000100101101001101100010111110
0101000100101011100010011000011001
0101000100000100100100100100010011
0100111011001110110001011100111001
0101000010011000111101010110000010
0101000011011100110011000100110101
0101000100001001100101000110111110
0101000100011001011000111100110100
0101000100000111010001000100110010
0101000011111011010011110110001110
0101000011000011101101111111110000
0101000011101001111011001010010111
0101000100100100111111111001101101
0101000100101011100100100111011111
0101000100011100010001110011011011
0101000010111110101100000000001010
0101000011000100010011000001001000
0101000011100001110010000101011110
0101000100011100111010010100011101
0101000100100011010111011110111011
0101000011111000110110101000110101
0101000001101100111111100001010101
0100111011001110110001011100111001
0000000000000000000000000000000000
0101000100000101111001110010000000
0101000100101000001010111001000001
0101000100100010111000011011011001
0101000011100100000110001000111010
0101000011000100111110000001001111
0101000011101100110010011100001111
0101000100100111000011000010110111
0101000100100101111001000001110101
0101000011110110000011100000000111
0100111011001110110001011100111001
0100111011001110110001011100111001
0101000001110100111110110101000011
0101000011100000001101000100111001
0101000100100010110100101101111110
0101000100100011101110111000111001
0101000011110100111011000000110111
0000000000000000000000000000000000
0101000011100110100100010110010110
0101000100101001010010010111001001
0101000100101110100011100010110000
0101000100010001100100010111000010
0101000010101010110110011100000011
0101000010101111101011001110110100
0101000011101011111111010110111011
0101000011101001000000001000100101
0101000100010011010011010011110110
0101000100100010010110100010101010
0101000011110100111011000010100001
0100111011001110110001011100111001
0000000000000000000000000000000000
0101000100011110000101011101111101
0101000100101110100001010100010011
0101000100101101110110111000010110
0101000100011100000101011100111000
0101000100000111110000101100100110
0101000100000100110010110000110110
0101000100001000010011111011101101
0101000100011110100010101101101001
0101000100011010000010111010000000
0101000011010011111010010110101111
0100111011001110110001011100111001
0000000000000000000000000000000000
0101000011011100010010010100010001
0101000100100101000110100111101100
0101000100101110101010010001110110
0101000100101011011000000101001100
0101000100100100101011111011100010
0101000100011001110010010110010010
0101000100010111110011101101100100
0101000100011011101011111010011010
0101000100001010010000010001001110
0101000001001001101001000001100010
0100111011001110110001011100111001
0100111011001110110001011100111001
0000000000000000000000000000000000
0101000011011110010001010010011111
0101000100011100001010110010110010
0101000100100010100011101000110100
0101000100100010000110000101100001
0101000100011000001110101010001010
0101000100010010000011001100110001
0101000100001011111111100100111110
0101000011010001000110010000111000
0100111011001110110001011100111001
0100111011001110110001011100111001
0100111011001110110001011100111001
0100111011001110110001011100111001
0000000000000000000000000000000000
0101000010001001101101010100011110
0101000011100101101001101011101011
0101000011111010111110111111101000
0101000011111010101000101001000001
0101000011101001010001000000011110
0101000011000000100011101111001000
0100111011001110110001011100111001
0100111011001110110001011100111001
0100111001011001000100111110011001
0100111001011001000100111110011001
0101000010011011001001100000101010
0101000011100110100101100100111000
0101000011111010000100110000111100
0101000011111110010001110000010110
0101000011101100111111011011000111
0101000010101000011011000011111000
0000000000000000000000000000000000
0100111001011001000100111110011001
0100111001011001000100111110011001
0100111001011001000100111110011001
0100111001011001000100111110011001
0101000010010101000100110000011111
0101000100000000000010100011110011
0101000100010000011101000001010001
0101000100001111000100011000110111
0101000100001100011000000101000111
0101000100000111011101011110101010
0101000011110111100010100001110000
0101000010111000101111010011111100
0000000000000000000000000000000000
0100111001011001000100111110011001
0100111001011001000100111110011001
0100111001011001000100111110011001
0101000011110000000000111010010010
0101000100011000111010110110000010
0101000100011101010011011001100100
0101000100010101000101111111100001
0101000100001010000010001000110010
0101000100001111110100001010101010
0101000100010100011000110000001111
0101000100000110010111000001001101
0000000000000000000000000000000000
0000000000000000000000000000000000
0100111001011001000100111110011001
0101000001111011011110101011110100
0101000100001100101111010010111111
0101000100011101000100101111000000
0101000100010010010011100100101101
0101000100000000011001111110011110
0101000011101001110000000001100111
0101000100001010100101000100101110
0101000100011101101001001010010100
0101000100011111101011011100110110
0101000011110101011010010001100000
0000000000000000000000000000000000
0100111001011001000100111110011001
0101000010110000100101001110010001
0101000100011000000001100011111100
0101000100100000101111111100101101
0101000011101101011110010010101000
0101000011000101011100001101110110
0101000011000101110000001011101100
0101000011100101000110010100110010
0101000100010111011100101011110000
0101000100100010000010100011001001
0101000100010010111101100111111011
0000000000000000000000000000000000
0100111001011001000100111110011001
0101000011101101100101101111101010
0101000100011111011111000101001101
0101000100100010101110010100011110
0101000010110111101101100000010000
0100111111111010110001000011110011
0101000000011110111110110101101001
0101000010001001010001101000001111
0101000011111010101000101110011110
0101000100100010110010111110101110
0101000100100001110011110000000000
0101000010001010000110100101110110
0000000000000000000000000000000000
0101000011101110111111001110011011
0101000100100000000100001001100111
0101000100100010001101010010011010
0101000011001101000011011100010001
0000000000000000000000000000000000
0100111001011001000100111110011001
0100111001011001000100111110011001
0101000011100001010010100001011011
0101000100011110011101010101100110
0101000100100011010110001111001110
0101000010100010010010111101010011
0000000000000000000000000000000000
0101000011100110011101101101101000
0101000100011111001011010110001000
0101000100100011111101101101100011
0101000100000111011010000111001111
0101000001010011000111011101010111
0101000001100001000101100001100100
0101000011001010101001011001111100
0101000100000110100111101010111110
0101000100011111001001001111001000
0101000100011010110000111010011100
0101000001011000001101110000110011
0000000000000000000000000000000000
0101000010110010111011000111000101
0101000100000110100001001100111100
0101000100011110110101100001001000
0101000100011100110010111010110101
0101000100000100001010100000000101
0101000011110110110110111101100000
0101000100000011110111110100100100
0101000100010100011011101000100111
0101000100011011100010010101111110
0101000011111000111111101001001011
0000000000000000000000000000000000
0100111111101110000010110011011101
0101000000100110101100101000000001
0101000011011010100001111011011110
0101000100010100011001000000100110
0101000100100000100110010101101110
0101000100011001100101111010110011
0101000100010010000011111101010010
0101000100001011001111110101101100
0101000100001111011100010111001111
0101000100000100100000010001010001
0101000001111110100101110010011101
0000000000000000000000000000000000
0100111111111010010010010001001110
0100111001011001000100111110011001
0101000001110111011101101100101010
0101000011100110101110110101110110
0101000100001010111000111101101001
0101000100001111000101111001010111
0101000100001010110111010010011101
0101000100000010111110110100001110
0101000011110000001110100100000000
0101000011001101111100011011000011
0101000001101100100010000111001101
0101000001010011111011011000101110
0100111001011001000100111110011001
0100111001011001000100111110011001
0100111001011001000100111110011001
0101000010011111110011010010110010
0101000011010101110011101001011110
0101000011110000101111101010011001
0101000011110011111000011100010010
0101000011101000011111000001110101
0101000011010111010100001100101110
0101000010101101010011001101010101
0101000001110011110011111100111100
0100111001011001000100111110011001
0100111001011001000100111110011001
