000000000000000000000000000000000000000000000000000000000000000000  
000000000000000000000000000000000000000000000000000000000000000000  
010100000001000100100101001100010001111100100000000000000000000000   
010100000001101101010111011101010101100010100010000000000000000000   
010100000001110110101110001101001100101100101100000000000000000000    
010100000001111011111100110111001101111000011110000000000000000000  
010100000001111101111111011110111110011001100010000000000000000000  
010100000001110010011001100101010010000111101011000000000000000000  
010100000001010000111010001111101010010111101100000000000000000000  
010100000000001100010001101001001101001000000000000000000000000000  
000000000000000000000000000000000000000000000000000000000000000000  
000000000000000000000000000000000000000000000000000000000000000000  
000000000000000000000000000000000000000000000000000000000000000000  
010100000001000001001010010101111110001010100000000000000000000000   
010100000001110010001100011001110101011011100110000000000000000000  
010100000010000000000111000011101000111111010010001000000000000000  
010100000010000010110010010010111101100000110001110000000000000000  
010100000010000101000111100001111110110000000001011000000000000000  
010100000010000110001011001010010101101101010110001000000000000000  
010100000010000110000111010111100011000100101101001000000000000000  
010100000010000010011001011100101111101000101110111000000000000000  
010100000001100101111010110000000000100010001100000000000000000000  
010100000000101111100110000100010001101100000000000000000000000000  
000000000000000000000000000000000000000000000000000000000000000000  
000000000000000000000000000000000000000000000000000000000000000000  
010100000001101001100111111110000000110100111000000000000000000000  
010100000001110011010000000000001011111011111100000000000000000000  
010100000001111010001010101101111111010111010110110000000000000000  
010100000001111010111000010100001100010000010000100000000000000000  
010100000001101010000100111111110110101111110101000000000000000000   
010100000001110111110010011001111000110110111000000000000000000000   
010100000010000011110010001111010000110111111110110000000000000000   
010100000010000100111010100100100001001001011100000000000000000000   
010100000001111111110001111010010100011000000100100000000000000000   
010100000001100101011001001110101010001100000000000000000000000000   
000000000000000000000000000000000000000000000000000000000000000000   
010100000000110100000100000000101100100001100000000000000000000000   
010100000001101000010000011110100000000010110100000000000000000000   
010100000001101101100111110011110000111001100001000000000000000000  
010100000001011011010011111010000011100001111011000000000000000000   
000000000000000000000000000000000000000000000000000000000000000000   
000000000000000000000000000000000000000000000000000000000000000000   
000000000000000000000000000000000000000000000000000000000000000000   
010100000000101011111111101110101110101000010000000000000000000000    
010100000001111110101100001111101110001101011101100000000000000000    
010100000001111111110111001001010011111011000110100000000000000000    
010100000001110100111000010100110011011110011011110000000000000000   
010100000001000010110111011111111010000100011000000000000000000000  
010100000001000110100011101100100111000000010000000000000000000000   
010100000001100000100110100010010111011111010101000000000000000000     
010100000001100100000100011001010011100011111100100000000000000000  
010100000001010111011011010101111010110011001110000000000000000000  
010100000000101000011110100101001001110010101000000000000000000000  
000000000000000000000000000000000000000000000000000000000000000000  
010100000000011110011111111010100000001110100000000000000000000000  
000000000000000000000000000000000000000000000000000000000000000000  
010100000001011001010001111000011011110100011000000000000000000000  
010100000001110111101111011111100001010010011011100000000000000000  
010100000001110110110001100000111100001100100001100000000000000000  
010100000001011011101111001101110111001110011000000000000000000000  
010100000001011111101001011001110010011010001100000000000000000000  
010100000001100011110011101110010111000000010100000000000000000000  
010100000001100110011010001010000111010010011110000000000000000000  
010100000001101100011001000110001101110011111101000000000000000000  
010100000001100110011011100111111110111101011101100000000000000000  
010100000000011111111000101000101010011101100000000000000000000000  
000000000000000000000000000000000000000000000000000000000000000000  
000000000000000000000000000000000000000000000000000000000000000000  
000000000000000000000000000000000000000000000000000000000000000000  
010100000001110001010011110011011110001001001111100000000000000000  
010100000001110011100100000110100001000100000111000000000000000000  
010100000001100111010100101111110000001100011111000000000000000000  
010100000001010001010101100001111111011100111000000000000000000000  
010100000001100010110101000010001010100001100011000000000000000000  
010100000001110001100101111110000111000100100011100000000000000000  
010100000001110100001011101101001111101011011001100000000000000000  
010100000001101010001001000011001111011111001110100000000000000000  
010011111111110011111000111000010001100000000000000000000000000000  
000000000000000000000000000000000000000000000000000000000000000000  
010100000001001100101100011011100011001100010000000000000000000000  
010100000001001011001111100011010101110001101000000000000000000000  
010100000001100011100001110001110001011000111111000000000000000000  
010100000001110001001011101110101011000101000001100000000000000000  
010100000001100111110001110011100111100110001011100000000000000000  
000000000000000000000000000000000000000000000000000000000000000000  
000000000000000000000000000000000000000000000000000000000000000000  
010100000001110010010101111001101001001110000100100000000000000000  
010100000010000010000001111100000110110000100100010000000000000000  
010100000010000001000110011000000111001001010000000000000000000000  
010100000001100101101001110110100101101001010000000000000000000000  
010100000001100000011011100110110010101110011100000000000000000000  
010100000001110010101111110100011001011011111001000000000000000000  
010100000001110001010111010001101100100101011001000000000000000000  
010100000001010001111000111100010000110001111110000000000000000000  
010100000001100011010111010011100001010010011110000000000000000000  
010100000001100001000101111000011000111000001110100000000000000000  
000000000000000000000000000000000000000000000000000000000000000000  
000000000000000000000000000000000000000000000000000000000000000000  
000000000000000000000000000000000000000000000000000000000000000000  
010100000010000001011110000110000110011001000010010000000000000000  
010100000010000101100001011001001001101101111101010000000000000000  
010100000010000110001110111010111010111011100100010000000000000000  
010100000010000100101000110110011011110000001010100000000000000000  
010100000010000001110001101010010101100110011001101000000000000000  
010100000001111000111010110011000111110110000000110000000000000000  
010100000001011000000010000010110101010010110010000000000000000000  
010100000001010001111010110111110101001001111011000000000000000000  
010100000001000000001111001010000010110111110000000000000000000000  
000000000000000000000000000000000000000000000000000000000000000000  
000000000000000000000000000000000000000000000000000000000000000000  
000000000000000000000000000000000000000000000000000000000000000000  
010100000001010010110110101111110101000001001111000000000000000000  
010100000010000001000001000001000011000000011110110000000000000000  
010100000010000101110000100101011001110110000010110000000000000000  
010100000010000101100110010011001000001011011000100000000000000000  
010100000010000000111110010110010011110101110110011000000000000000  
010100000001011000101101000100010011111010011110000000000000000000  
000000000000000000000000000000000000000000000000000000000000000000  
010100000001001000010011101000001001111000110100000000000000000000  
010100000000001100111100000101101111010111000000000000000000000000  
000000000000000000000000000000000000000000000000000000000000000000  
000000000000000000000000000000000000000000000000000000000000000000  
000000000000000000000000000000000000000000000000000000000000000000  
000000000000000000000000000000000000000000000000000000000000000000  
000000000000000000000000000000000000000000000000000000000000000000  
000000000000000000000000000000000000000000000000000000000000000000  
000000000000000000000000000000000000000000000000000000000000000000  
000000000000000000000000000000000000000000000000000000000000000000  
000000000000000000000000000000000000000000000000000000000000000000   
010100000000100110110110001111110001100000110000000000000000000000  
010100000000101010010000110101010001100010100000000000000000000000  
000000000000000000000000000000000000000000000000000000000000000000  
000000000000000000000000000000000000000000000000000000000000000000  
000000000000000000000000000000000000000000000000000000000000000000  
000000000000000000000000000000000000000000000000000000000000000000  
000000000000000000000000000000000000000000000000000000000000000000  
000000000000000000000000000000000000000000000000000000000000000000  
000000000000000000000000000000000000000000000000000000000000000000  
000000000000000000000000000000000000000000000000000000000000000000  
010100000000000010010010100100000010110101000000000000000000000000  
010100000000100100011111110111001100110011000000000000000000000000  
010100000000110011010100001011010111011100001000000000000000000000  
000000000000000000000000000000000000000000000000000000000000000000  
000000000000000000000000000000000000000000000000000000000000000000  
000000000000000000000000000000000000000000000000000000000000000000  
000000000000000000000000000000000000000000000000000000000000000000  
010100000000110100100001110100001101111101100010000000000000000000  
010100000001100110111000011101011010001101111000010000000000000000  
010100000001110100001110111000000100001000010100001101000000000000  
010100000001110110100111010011100100001001010011011101000000000000  
010100000001110101111101001111111100000001101001010001000000000000  
010100000001110000010110111000100111101110000101010001000000000000  
010100000001001111110001000001111100110101100010101000000000000000  
010011111110011010010000001110101111100000000000000000000000000000  
000000000000000000000000000000000000000000000000000000000000000000  
000000000000000000000000000000000000000000000000000000000000000000  
000000000000000000000000000000000000000000000000000000000000000000  
010100000000100101111101011111010001000111000100000000000000000000  
010100000001011101010110100010110111100111010000100000000000000000  
010100000001110001001100000110100000011000010011001000000000000000  
010100000001101110110000100011111000111101100101010101000000000000  
010100000001100010111101000010110010111100111100110010000000000000  
010100000001110010101100000001101111111010001011011101000000000000  
010100000001110111000000100111101010000110111001111001000000000000  
010100000001110110111101100010011111101110101111000101000000000000  
010100000001100010110010011001010001111001110010001010000000000000  
010011111111110101110111110001001110001101010000000000000000000000  
000000000000000000000000000000000000000000000000000000000000000000  
000000000000000000000000000000000000000000000000000000000000000000  
010100000001001111111001111000000010100010101001000000000000000000  
010100000000110111101001110000110011010011011010000000000000000000   
000000000000000000000000000000000000000000000000000000000000000000  
000000000000000000000000000000000000000000000000000000000000000000  
000000000000000000000000000000000000000000000000000000000000000000  
000000000000000000000000000000000000000000000000000000000000000000  
000000000000000000000000000000000000000000000000000000000000000000  
010100000001110100101111100011100011111111001001111001000000000000  
010100000001110010010110100101010011111001001001010001000000000000  
010100000001011010001111011111101011110000000011000100000000000000  
000000000000000000000000000000000000000000000000000000000000000000  
010100000000100000010010101111010011101101000100000000000000000000  
000000000000000000000000000000000000000000000000000000000000000000  
000000000000000000000000000000000000000000000000000000000000000000  
000000000000000000000000000000000000000000000000000000000000000000   
000000000000000000000000000000000000000000000000000000000000000000  
010100000001011110101100010010000111001100010110100000000000000000  
010100000001100000110110001001001101110110000010010000000000000000  
000000000000000000000000000000000000000000000000000000000000000000  
000000000000000000000000000000000000000000000000000000000000000000  
010100000001101000101011001011101111011001000111101010000000000000  
010100000001100111101010110010001110000111000011000010000000000000  
010100000000011001100110000010100111011101100111100000000000000000  
010100000000100001001111011100101100111011100100000000000000000000  
000000000000000000000000000000000000000000000000000000000000000000  
010100000001010011001110100011110011011101000001000000000000000000  
010100000001101010000001010111110110111110011100100010000000000000  
010100000001100111110000011100011110100011000001000110000000000000  
010100000001010110101100100011001001110111111000100000000000000000  
010100000001101010000100101110101111010001100100010000000000000000  
010100000001011101110101011100010100000010101000100000000000000000  
000000000000000000000000000000000000000000000000000000000000000000  
010100000001000001010010111011000000010011011111000000000000000000  
010100000001011100111000000100100000111000011001000100000000000000  
010100000001000100111101111111010111101010000111000000000000000000  
010100000000101111010101100000010001001110000100000000000000000000  
010100000001010110100001110011110101011010011111000000000000000000  
010100000001010110000110100011011110111110111011111100000000000000  
010100000001010101111110101111010011110101010010100100000000000000  
010100000001000101101010011100001000011001011110001000000000000000  
000000000000000000000000000000000000000000000000000000000000000000  
010100000001010001010010110100010011111010011000100000000000000000  
010100000001100110001100101101110100000110100001010000000000000000  
000000000000000000000000000000000000000000000000000000000000000000  
000000000000000000000000000000000000000000000000000000000000000000  
010100000001011011001110111001011000000001110000000100000000000000  
010100000001001000001000010100000000001110110010001000000000000000  
000000000000000000000000000000000000000000000000000000000000000000  
000000000000000000000000000000000000000000000000000000000000000000  
010100000000110101011001100101100101100001101000101000000000000000  
010100000001011010110100110111100000100000111100110100000000000000  
010100000001011010011111100001010010110001110011000100000000000000  
000000000000000000000000000000000000000000000000000000000000000000  
000000000000000000000000000000000000000000000000000000000000000000  
010100000001011000011100011110100101011100111110100000000000000000  
010100000001011101110000111010000110000011011100100000000000000000  
000000000000000000000000000000000000000000000000000000000000000000  
010100000001001010101001001000000001001011001111101000000000000000  
010100000001001010001110110100011010010000010110001000000000000000  
010100000001010100101010100011011010110110100110100000000000000000  
000000000000000000000000000000000000000000000000000000000000000000  
000000000000000000000000000000000000000000000000000000000000000000  
010100000001101011110100001010110011111001101010100010000000000000  
010100000001110011001010000110011011000110100001101001000000000000  
010100000001100000111101100001101001101111101001100010000000000000  
010100000001010011111111011010010110110011110011000000000000000000  
010100000001100001010101001110110111011101100010011110000000000000  
010100000001100110111101101010100111111111010100010000000000000000  
010100000001000101011111001010111101100011111111001000000000000000  
000000000000000000000000000000000000000000000000000000000000000000  
010100000000110011001000111100000100001001001011001000000000000000  
010100000001010010101001000000001111110101111100100000000000000000  
010100000001100000000111110000110010001100101010010000000000000000  
000000000000000000000000000000000000000000000000000000000000000000  
000000000000000000000000000000000000000000000000000000000000000000  
010100000001110111000001001011110100000110110110001001000000000000  
010100000001111000101101010000100001010110011000110001000000000000  
010100000001110100101011101111101100101100101100011101000000000000  
010100000001101100011111011011101001001011111111111111000000000000  
010100000001001000010100110011001111001100001011001000000000000000  
010100000001001111001011111111001000100000001011001000000000000000  
010011111111110101000111100001001110000011000100000000000000000000  
000000000000000000000000000000000000000000000000000000000000000000  
010100000000100000001010010000110110100111000100000000000000000000  
010100000001100011000101010101100010010100111100010000000000000000  
010100000001100001100110101101011011000110011111010000000000000000  
000000000000000000000000000000000000000000000000000000000000000000  
000000000000000000000000000000000000000000000000000000000000000000  
000000000000000000000000000000000000000000000000000000000000000000  
000000000000000000000000000000000000000000000000000000000000000000  
000000000000000000000000000000000000000000000000000000000000000000  
000000000000000000000000000000000000000000000000000000000000000000  
000000000000000000000000000000000000000000000000000000000000000000  
000000000000000000000000000000000000000000000000000000000000000000  
000000000000000000000000000000000000000000000000000000000000000000  
000000000000000000000000000000000000000000000000000000000000000000  
010100000001000111001110111110001101000110110001000000000000000000  
010100000001100101000001010110100111011011011010010000000000000000  
010100000001100010011001001000000110110010111110010000000000000000  
000000000000000000000000000000000000000000000000000000000000000000  
000000000000000000000000000000000000000000000000000000000000000000  
000000000000000000000000000000000000000000000000000000000000000000  
010100000000111000101001011100110000101100110010000000000000000000  
010100000001000111110010001110011011001100010001000000000000000000  
010100000000110101111100100101011101000011111010000000000000000000  
000000000000000000000000000000000000000000000000000000000000000000  
000000000000000000000000000000000000000000000000000000000000000000  
000000000000000000000000000000000000000000000000000000000000000000  
000000000000000000000000000000000000000000000000000000000000000000  
010100000001011001111110111010010011111000010000100000000000000000  
010100000001110000111000000111111011111000111100001000000000000000  
010100000001110010101010100101001100001101101010001000000000000000  
010100000001110011110110110001000000101000000010001000000000000000  
010100000001101011100101110000101000110010011110010000000000000000  
010100000001100111110101100010000000110000101101010000000000000000  
010100000001001101000111010011000110101010100001000000000000000000  
000000000000000000000000000000000000000000000000000000000000000000  
000000000000000000000000000000000000000000000000000000000000000000  
000000000000000000000000000000000000000000000000000000000000000000  
010011111101100111011000101110011100100000000000000000000000000000  
010011111101100111011000101110011100100000000000000000000000000000  
010100000001000001001111100110000010111000100111001000000000000000   
010100000001100111101100100011101010101000000100110010000000000000  
010100000001110011101100011010111100011001010110111001000000000000  
010100000001110110001101100010000101101010011000111001000000000000  
010100000001110100111100010111110001011111101101111001000000000000  
010100000001100010001010011111000010000110111110110010000000000000  
010100000000000111000100100010101100010100110010000000000000000000  
010011111101100111011000101110011100100000000000000000000000000000  
010011111101100111011000101110011100100000000000000000000000000000  
010011111101100111011000101110011100100000000000000000000000000000  
010011111101100111011000101110011100100000000000000000000000000000  
010100000000111110011111100011011111101011001110010000000000000000  
010100000001110110001010110010001101101101110100010101000000000000  
010100000010000001111111101010001010110011101110011000100000000000  
010100000010001000111011111101101111010101010110010000100000000000  
010100000010001111001111100000000101011101010100010000100000000000  
010100000010010001011101101001000100101110011000101001010000000000  
010100000010010000011100010011110101100100011010000011010000000000  
010100000010000001111100110101100111010111011000011100100000000000  
010100000001010100111111100100101010011111101111100100000000000000  
010011111101100111011000101110011100100000000000000000000000000000  
010011111101100111011000101110011100100000000000000000000000000000  
010011111101100111011000101110011100100000000000000000000000000000  
010100000001101101110101110111000101111011000101110010000000000000  
010100000001111010100010101011010001110001101011111101000000000000  
010100000010000110101001111001001110101111000111111000100000000000  
010100000010010000110101010111010001101001000000101100010000000000  
010100000010010010000001000010101010101010011110111110010000000000  
010100000010010101001110001101010010000010111001001100010000000000  
010100000010010110111000110000100000001011111100100010010000000000  
010100000010010110110011100000111110111111011100110000010000000000  
010100000010000111101000001000001100011110011111011100100000000000  
010100000001011101101111101101110100000101010101100100000000000000  
010011111101100111011000101110011100100000000000000000000000000000  
010100000000110001000010101010010000110111001110010000000000000000  
010100000001110011100010101101010100101111101110010101000000000000  
010100000001111010011101000001100010111000001001000001000000000000  
010100000010001001011110000001100101011110010101011000100000000000  
010100000010001110110001001000101000101011010000101000100000000000  
010100000010001010001010011001000101010111101000100010100000000000  
010100000010000110000101011101000001011010000100011000100000000000  
010100000010010010111010100111010000010101111010011100010000000000  
010100000010010110100110110001011110110010110010101011010000000000  
010100000010010101110001001100001100101101110110110111010000000000  
010100000010000010010010010010001001100110101010111100100000000000  
010011111101100111011000101110011100100000000000000000000000000000  
010100000001001100011110101011000001001001010111001000000000000000  
010100000001101110011001100010011010100110110101000010000000000000  
010100000010000100110010100011011110111001010001011000100000000000  
010100000010001100101100011110011010000010000010010010100000000000  
010100000010000011101000100010011001000010011100000100100000000000  
010100000001111101101001111011000111001110110011001001000000000000  
010100000001100001110110111111111000001001010100000010000000000000  
010100000001110100111101100101001011010110010001011001000000000000  
010100000010010010011111111100110110011000001111000100010000000000  
010100000010010101110010010011101111100011111110110100010000000000  
010100000010001110001000111001101101011100100010011100100000000000  
010100000001011111010110000000000101001100001111100100000000000000  
010100000001100010001001100000100100001101000001110010000000000000  
010100000001110000111001000010101111000001110100001001000000000000  
010100000010001110011101001010001110101101010111100000100000000000  
010100000010010001101011101111011101010001011100110111010000000000  
010100000001111100011011010100011010011101101111100001000000000000  
010100000000110110011111110000101010101101101110010000000000000000  
010011111101100111011000101110011100100000000000000000000000000000  
000000000000000000000000000000000000000000000000000000000000000000  
010100000010000010111100111000111111110000011101011000100000000000  
010100000010010100000101011100100000101111011010001001010000000000  
010100000010010001011100001101101100011000001100111000010000000000  
010100000001110010000011000100011100110011111101011001000000000000  
010100000001100010011111000000100111011011110111000010000000000000  
010100000001110110011001001110000111101111011000100001000000000000  
010100000010010011100001100001011011010011001110001100010000000000  
010100000010010010111100100000111010010010000011000001010000000000  
010100000001111011000001110000000011010111010001111001000000000000  
010011111101100111011000101110011100100000000000000000000000000000  
010011111101100111011000101110011100100000000000000000000000000000  
010100000000111010011111011010100001100100101110010000000000000000  
010100000001110000000110100010011100011100100010100001000000000000  
010100000010010001011010010110111110110100100011111100010000000000  
010100000010010001110111011100011100011110100010010111010000000000  
010100000001111010011101100000011011101111010111011001000000000000  
000000000000000000000000000000000000000000000000000000000000000000  
010100000001110011010010001011001011000110100000100001000000000000  
010100000010010100101001001011100100101111010101100100010000000000  
010100000010010111010001110001011000001101111111101010010000000000  
010100000010001000110010001011100000111000101110011100100000000000  
010100000001010101011011001110000001010010000011100100000000000000  
010100000001010111110101100111011001111100001011100100000000000000  
010100000001110101111111101011011101011010101111011001000000000000  
010100000001110100100000000100010010100110000001000001000000000000  
010100000010001001101001101001111010111110011000111000100000000000  
010100000010010001001011010001010101001000010111101101010000000000  
010100000001111010011101100001010000011111000010011001000000000000  
010011111101100111011000101110011100100000000000000000000000000000  
000000000000000000000000000000000000000000000000000000000000000000  
010100000010001111000010101110111110011001111011111000100000000000  
010100000010010111010000101010001001101010010001000010010000000000  
010100000010010110111011011100001011001000101011001100010000000000  
010100000010001110000010101110011100001110011101111100100000000000  
010100000010000011111000010110010011000100111000111100100000000000  
010100000010000010011001011000011011001011110010000010100000000000  
010100000010000100001001111101110110101111000111011100100000000000  
010100000010001111010001010110110100100100111001110100100000000000  
010100000010001101000001011101000000001010110011100100100000000000  
010100000001101001111101001011010111100000100101110010000000000000  
010011111101100111011000101110011100100000000000000000000000000000  
000000000000000000000000000000000000000000000000000000000000000000  
010100000001101110001001001010001000011011101101011010000000000000  
010100000010010010100011010011110110000011001001110100010000000000  
010100000010010111010101001000111011001000010001010100010000000000  
010100000010010101101100000010100101110101010000011000010000000000  
010100000010010010010101111101110001000000110100011100010000000000  
010100000010001100111001001011001001000100110011100000100000000000  
010100000010001011111001110110110001111110100000001000100000000000  
010100000010001101110101111101001100110000010100111000100000000000   
010100000010000101001000001000100110111010011001110000100000000000  
010100000000100100110100100000110000111111011100100000000000000000   
010011111101100111011000101110011100100000000000000000000000000000  
010011111101100111011000101110011100100000000000000000000000000000  
000000000000000000000000000000000000000000000000000000000000000000  
010100000001101111001000101001001111011000101011100010000000000000  
010100000010001110000101011001011001000110010011111000100000000000  
010100000010010001010001110100011010000111010001101100010000000000  
010100000010010001000011000010110000100101100111011110010000000000   
010100000010001100000111010101000101001010000000111000100000000000  
010100000010001001000001100110011000011001010110100100100000000000  
010100000010000101111111110010011110111111100010100100100000000000  
010100000001101000100011001000011011110100110001110010000000000000  
010011111101100111011000101110011100100000000000000000000000000000  
010011111101100111011000101110011100100000000000000000000000000000  
010011111101100111011000101110011100100000000000000000000000000000  
010011111101100111011000101110011100100000000000000000000000000000  
000000000000000000000000000000000000000000000000000000000000000000  
010100000001000100110110101010001111000011100001001000000000000000  
010100000001110010110100110101110101011011110000001001000000000000  
010100000001111101011111011111110011111010100000001001000000000000  
010100000001111101010100010100100000100101110010001001000000000000  
010100000001110100101000100000001110111011100111000001000000000000  
010100000001100000010001110111100100001110001101110010000000000000  
010011111101100111011000101110011100100000000000000000000000000000  
010011111101100111011000101110011100100000000000000000000000000000  
010011111100101100100010011111001100100000000000000000000000000000  
010011111100101100100010011111001100100000000000000000000000000000  
010100000001001101100100110000010100110111011111001100100000000000  
010100000001110011010010110010011011110101001101011001100100000000  
010100000001111101000010011000011101111000100101011001100100000000  
010100000001111111001000111000001010111111111110011001100100000000  
010100000001110110011111101101100011011011011100001001100100000000  
010100000001010100001101100001111100001001010011100110010000000000  
000000000000000000000000000000000000000000000000000000000000000000  
010011111100101100100010011111001100100000000000000000000000000000  
010011111100101100100010011111001100100000000000000000000000000000  
010011111100101100100010011111001100100000000000000000000000000000  
010011111100101100100010011111001100100000000000000000000000000000  
010100000001001010100010011000001111010010011111001100100000000000  
010100000010000000000001010001111001011101100000111100110010000000  
010100000010001000001110100000101000100100010101001100110010000000  
010100000010000111100010001100011011100011101100110100110010000000  
010100000010000110001100000010100011100010110101101000110010000000  
010100000010000011101110101111010101000010010001101100110010000000  
010100000001111011110001010000110111111011000001010001100100000000  
010100000001011100010111101001111101110110111100100110010000000000  
000000000000000000000000000000000000000000000000000000000000000000  
010011111100101100100010011111001100100000000000000000000000000000  
010011111100101100100010011111001100100000000000000000000000000000  
010011111100101100100010011111001100100000000000000000000000000000  
010100000001111000000000011101001001000000001001111001100100000000  
010100000010001100011101011011000001001101110010011000110010000000  
010100000010001110101001101100110001111111010110111100110010000000  
010100000010001010100010111111110000011011110001000100110010000000  
010100000010000101000001000100011000111001111101110100110010000000  
010100000010000111111010000101010101000100111010011100110010000000  
010100000010001010001100011000000111010111111011111100110010000000  
010100000010000011001011100000100110011110111110010100110010000000  
000000000000000000000000000000000000000000000000000000000000000000  
000000000000000000000000000000000000000000000000000000000000000000  
010011111100101100100010011111001100100000000000000000000000000000  
010100000000111101101111010101111010001000111110011001000000000000  
010100000010000110010111101001011111101100111011011000110010000000  
010100000010001110100010010111100000000100001100001000110010000000  
010100000010001001001001110010010110011001111110110100110010000000  
010100000010000000001100111111001110110110000111001100110010000000  
010100000001110100111000000000110011011000011010111001100100000000  
010100000010000101010010100010010110111100011010000100110010000000  
010100000010001110110100100101001010000110101101000100110010000000  
010100000010001111110101101110011010110001111110100100110010000000  
010100000001111010101101001000101111111001001011010001100100000000  
000000000000000000000000000000000000000000000000000000000000000000  
010011111100101100100010011111001100100000000000000000000000000000  
010100000001011000010010100111001000101010000111100110010000000000  
010100000010001100000000110001111101110011111001000100110010000000  
010100000010010000010111111110010110101011101111000110011001000000  
010100000001110110101111001001010011111100111000011001100100000000  
010100000001100010101110000110111011001001011110000011001000000000  
010100000001100010111000000101110101110100010010010011001000000000  
010100000001110010100011001010011001001100000011000001100100000000  
010100000010001011101110010101110111110101101010010100110010000000  
010100000010010001000001010001100100010011011101110110011001000000  
010100000010001001011110110011111101100110001001111100110010000000  
000000000000000000000000000000000000000000000000000000000000000000  
010011111100101100100010011111001100100000000000000000000000000000  
010100000001110110110010110111110100110100111011111001100100000000  
010100000010001111101111100010100110100101101110010100110010000000  
010100000010010001010111001010001110110111111000000010011001000000  
010100000001011011110110110000000111111010011011000110010000000000  
010011111111111101011000100001111001101100100110010000000000000000  
010100000000001111011111011010110100100011010011001000000000000000  
010100000001000100101000110100000111100010011111001100100000000000  
010100000001111101010100010111001110111010011010000001100100000000  
010100000010010001011001011111010111001110011101110110011001000000  
010100000010010000111001110111111111110100110011001010011001000000  
010100000001000101000011010010111010110011110011001100100000000000  
000000000000000000000000000000000000000000000000000000000000000000  
010100000001110111011111100111001101010011010111111001100100000000  
010100000010010000000010000100110011010111001011010010011001000000  
010100000010010001000110101001001100111011111111101110011001000000  
010100000001100110100001101110001000011100101111100011001000000000  
000000000000000000000000000000000000000000000000000000000000000000  
010011111100101100100010011111001100100000000000000000000000000000  
010011111100101100100010011111001100100000000000000000000000000000  
010100000001110000101001010000101101011110001101111001100100000000  
010100000010001111001110101010110011001011011111000100110010000000  
010100000010010001101011000111100110110001000100101110011001000000  
010100000001010001001001011110101001010100001011100110010000000000  
000000000000000000000000000000000000000000000000000000000000000000  
010100000001110011001110110110110100000010110111101001100100000000  
010100000010001111100101101011000100000100001110110100110010000000  
010100000010010001111110110110110001010010001101110010011001000000  
010100000010000011101101000011100111010000110000111000110010000000  
010100000000101001100011101110101011101111110100110010000000000000  
010100000000110000100010110000110001111001111110011001000000000000  
010100000001100101010100101100111101110111101111110011001000000000  
010100000010000011010011110101011110110111000101011100110010000000  
010100000010001111100100100111100100000001110000110100110010000000  
010100000010001101011000011101001110001100100011101100110010000000  
010100000000101100000110111000011001011011111000110010000000000000  
000000000000000000000000000000000000000000000000000000000000000000  
010100000001011001011101100011100010010111100011100110010000000000  
010100000010000011010000100110011110001011001011100100110010000000   
010100000010001111011010110000100011111010100111100100110010000000  
010100000010001110011001011101011010011101000111010100110010000000  
010100000010000010000101010000000010101111001110100100110010000000  
010100000001111011011011011110110000000010110100011001100100000000  
010100000010000001111011111010010010001100010001100100110010000000  
010100000010001010001101110100010011101111001100011000110010000000  
010100000010001101110001001010111110110110001011110000110010000000  
010100000001111100011111110100100101011101101110011001100100000000  
000000000000000000000000000000000000000000000000000000000000000000  
010011111111110111000001011001101110101101100110010000000000000000  
010100000000010011010110010100000000100111111001100100000000000000  
010100000001101101010000111101101111000101010110110011001000000000  
010100000010001010001100100000010010111000101010111100110010000000   
010100000010010000010011001010110110110110101011001010011001000000  
010100000010001100110010111101011001100111110000010100110010000000  
010100000010001001000001111110101000111001000001110100110010000000  
010100000010000101100111111010110101110110100110100000110010000000  
010100000010000111101110001011100111101101110101100000110010000000  
010100000010000010010000001000101000101000101010001100110010000000  
010100000000111111010010111001001110101001110000011001000000000000  
000000000000000000000000000000000000000000000000000000000000000000  
010011111111111101001001001000100110110010100110010000000000000000  
010011111100101100100010011111001100100000000000000000000000000000  
010100000000111011101110110110010100110110111110011001000000000000  
010100000001110011010111011010111010111011010000001001100100000000  
010100000010000101011100011110110100100101101101100100110010000000  
010100000010000111100010111100101011101111100000001100110010000000  
010100000010000101011011101001001110011100010001010100110010000000  
010100000010000001011111011010000110110101001100101100110010000000  
010100000001111000000111010010000000000010010101101001100100000000  
010100000001100110111110001101100001101111011000100011001000000000  
010100000000110110010001000011100110010000011100011001000000000000  
010100000000101001111101101100010111000011010100110010000000000000  
010011111100101100100010011111001100100000000000000000000000000000  
010011111100101100100010011111001100100000000000000000000000000000  
010011111100101100100010011111001100100000000000000000000000000000  
010100000001001111111001101001011000110111100011001100100000000000  
010100000001101010111001110100101110110001000100110011001000000000  
010100000001111000010111110101001100010100101000101001100100000000  
010100000001111001111100001110001000111010100010100001100100000000  
010100000001110100001111100000111010011101011101010001100100000000  
010100000001101011101010000110010111001111000101100011001000000000  
010100000001010110101001100110101010100111001110100110010000000000  
010100000000111001111001111110011110001110001010011001000000000000  
010011111100101100100010011111001100100000000000000000000000000000   
010011111100101100100010011111001100100000000000000000000000000000   
 