0101000100010110010001011101111011
0101000100101001010000100001001011
0101000100110101101101001101110000
0101000100101000011100111001011010
0101000011001111110100100011100110
0101000100100001100000010111101110
0101000100110010001110111110010011
0101000101000101101011001100110011
0101000101000110100101101100011111
0101000100010110101011110011110101
0101000100110110001000111010101001
0101000100010100000100111101111010
0101000100100001100000011011110111
0101000101000000100100110001000101
0101000100100000001111011011010010
0101000100111110010110000100100110
0101000100101100001000100000001000
0101000100010001101010000001110110
0101000100101111001101111101110101
0101000100011000111100110101101100
0101000101000001110111100110110011
0101000101000011110011000111001000
0101000101000010001001101100100100
0101000100110101011101010011111010
0101000100100010010000011011110111
