010100000010001011001000101110111101101110110110010010101011101011  
010100000010010100101000010000100101100110110100100011100110011110  
010100000010011010110110100110110111110010001010101001101001011101  
010100000010010100001110011100101101001100101100001010000111000110  
010100000001100111111010010001110010110011101010011010010100101000  
010100000010010000110000001011110111001000000011011011011111111100  
010100000010011001000111011111001001100000000111100001010111101100  
010100000010100010110101100110011001010011101011011111010000001101  
010100000010100011010010110110001111010010011101001000001010000110  
010100000010001011010101111001111010100001011001111100100000010111  
010100000010011011000100011101010100011110111011111100001111110100  
010100000010001010000010011110111101001100101010001000011010100000  
010100000010010000110000001101111011011100010011111111111010011000  
010100000010100000010010011000100010101001110001111011101111011000  
010100000010010000000111101101101000111101010111101110100000110100  
010100000010011111001011000010010011000110001000010000010001101001  
010100000010010110000100010000000011110000110101000001001100011010  
010100000010001000110101000000111010110110011101010110100010011010  
010100000010010111100110111110111010100011001010110001010011100101  
010100000010001100011110011010110101110010000011111010000101000000  
010100000010100000111011110011011001011001000001011111011111111110  
010100000010100001111001100011100011110111100011010110011010001001  
010100000010100001000100110110010010000000111101100111000100111110  
010100000010011010101110101001111100111101100000001111101010100111  
010100000010010001001000001101111011010000010111111100001100001110   
  
