010011111110110101111110110111100000000000000000000000000000000000
010011111110110100110000011111011000000000000000000000000000000000
011011111110111001010111111010111000100000000000000000000000000000
010011111111000001100001011111110010000000000000000000000000000000
010011111110100110010000101000011001100000000000000000000000000000
011011111110011011011001111001010100100000000000000000000000000000
011011111110110100011000011100111010000000000000000000000000000000
011011111110001101011111101000001111100000000000000000000000000000
010011111110010000101010010000101010000000000000000000000000000000
010011111101010000001011111101100010000000000000000000000000000000
010011111110110100011011000101000111000000000000000000000000000000
011011111110101110001101111001101001000000000000000000000000000000
010011111110101000111011100001110010000000000000000000000000000000
011011111110001000100100110011110111100000000000000000000000000000
010011111111000101110011110001011111100000000000000000000000000000
011011111110101000110100000010000100000000000000000000000000000000
010011111110011111011000100011011111100000000000000000000000000000
011011111110001111011011110010011110000000000000000000000000000000
010011111110101010010010010100110010000000000000000000000000000000
010011111110100110001101101100101101000000000000000000000000000000
010011111110110101000100110111100111000000000000000000000000000000
010011111110101110101100100011001010000000000000000000000000000000
011011111110000100100110110111100111000000000000000000000000000000
011011111110011110110011100000011000100000000000000000000000000000
010011111110000110100010010111001000100000000000000000000000000000
