010011111110010000111111111100110111100000000000000000000000000000
011011111110101111001101101001100000100000000000000000000000000000
010011111110111000100111000001010111100000000000000000000000000000
011011111110101111010100110010010000100000000000000000000000000000
011011111110100110100110111101011000000000000000000000000000000000
011011111110101010001001011001111010000000000000000000000000000000
011011111110110111100011010110111101000000000000000000000000000000
011011111110001100011100101001011100000000000000000000000000000000
010011111110010000011001000110010000100000000000000000000000000000
010011111111000011001101110100011110100000000000000000000000000000
